,City,Latitude,Temperature,Humidity,Cloudiness,Wind Speed
0,Deputatskiy,69.3,9.59,66,80,3.71
1,Rikitea,-23.12,78.35,100,32,4.94
2,Hermanus,-34.42,61.79,98,36,4.72
3,Flin Flon,54.77,10.4,32,20,5.82
4,Tiksi,71.64,6.66,79,68,4.61
5,Puerto Ayora,-0.74,77.0,83,75,6.93
6,Gabu,34.78,22.46,65,0,2.59
7,Fort Frances,48.61,21.2,41,1,6.93
8,Mecca,21.43,84.2,58,0,2.37
9,Cape Town,-33.93,68.0,64,0,16.11
10,Ler,63.2,29.37,100,75,4.7
11,Ambon,47.55,51.8,93,0,12.75
12,Russkiy,44.21,44.15,64,36,10.76
13,Atuona,-9.8,81.95,100,0,16.35
14,Mildura,-34.18,63.27,68,0,7.74
15,Isangel,-19.55,80.33,100,56,15.68
16,Vestmannaeyjar,63.44,34.7,100,92,11.21
17,Constitucion,23.99,82.4,7,5,13.87
18,North Bend,43.41,50.0,61,75,11.41
19,Lompoc,34.64,60.48,67,75,12.75
20,Hilo,19.71,82.4,58,75,9.17
21,Saskylakh,71.97,-9.05,67,0,8.63
22,Vaini,15.34,62.73,91,0,2.37
23,Ponta do Sol,-20.63,66.38,93,56,2.93
24,Souillac,45.6,56.21,58,80,18.34
25,Den Chai,17.98,68.0,94,20,2.24
26,Vavuniya,8.76,70.92,93,12,2.59
27,Yellowknife,62.45,6.8,46,20,12.75
28,Alofi,-19.06,80.6,94,92,4.7
29,Sioux Lookout,50.1,13.26,23,20,3.36
30,Nuuk,64.17,35.6,47,20,13.87
31,Amboasary,-25.04,74.97,92,56,17.47
32,Burnie,-41.05,61.79,100,56,18.25
33,Marawi,8.0,74.25,84,12,2.93
34,Tshikapa,-6.42,68.13,100,92,2.71
35,Upernavik,72.79,14.67,84,0,10.87
36,Borogontsy,62.67,18.63,73,88,10.65
37,Thompson,55.74,8.6,32,20,8.05
38,Katsuura,33.93,60.8,77,20,3.36
39,Verkhnyaya Inta,65.99,-0.41,66,8,2.26
40,Sao Joao da Barra,-21.64,78.8,78,0,9.17
41,Chandil,22.96,60.26,88,0,2.37
42,Skibbereen,51.55,46.4,100,75,8.05
43,Kilindoni,-7.91,79.16,100,92,7.4
44,Cervo,-22.19,65.48,94,64,3.6
45,Alcamo,37.98,51.8,76,0,2.24
46,Kenai,60.55,38.32,40,1,16.11
47,Georgetown,6.8,75.2,100,75,6.06
48,Iqaluit,63.75,28.4,86,90,29.97
49,Jamestown,-33.21,59.76,69,8,5.61
50,Carambei,-24.92,64.76,85,56,5.06
51,Barrow,-38.31,59.45,74,0,4.72
52,Port Alfred,-33.59,71.06,90,36,8.75
53,Arinos,-15.92,76.32,67,32,4.16
54,Tessalit,20.2,66.56,30,0,3.15
55,Mar del Plata,-46.43,71.24,48,48,24.63
56,Tuatapere,-46.13,56.03,99,0,21.61
57,Kuryk,43.18,47.43,80,0,18.48
58,Sa Kaeo,13.8,72.68,94,56,3.15
59,Saint George,39.45,44.6,81,20,4.7
60,Mirnyy,56.57,34.79,95,92,13.56
61,Bayan,47.25,8.01,57,12,3.15
62,Yulara,-25.24,73.4,35,0,14.99
63,Chokurdakh,70.62,17.24,75,0,12.77
64,Egvekinot,66.32,33.89,90,12,3.04
65,Butaritari,3.07,83.16,99,64,13.56
66,Victoria,5.28,78.82,100,75,0.58
67,Ola,59.58,26.6,79,20,13.42
68,Kavieng,-2.57,83.25,100,56,8.75
69,Punta Arenas,-53.16,44.6,81,75,9.17
70,Lata,30.78,48.83,73,68,2.37
71,San Cristobal,-0.39,55.4,76,90,2.24
72,Fort Nelson,58.81,24.8,62,75,11.41
73,Spartanburg,34.95,77.02,29,1,6.93
74,Touros,-5.2,80.69,87,80,10.2
75,Batemans Bay,-35.71,64.26,96,48,1.92
76,San Patricio,-26.98,71.15,80,56,3.71
77,Conceicao do Araguaia,-8.26,74.39,95,0,2.71
78,Sitka,37.17,76.28,35,0,22.28
79,Kavaratti,10.57,84.29,100,0,6.51
80,Ulverstone,-41.16,61.38,80,0,10.42
81,San Matias,13.97,78.8,39,75,4.7
82,Tura,25.52,63.5,88,0,2.48
83,Okha,53.59,30.2,96,24,18.48
84,Clyde River,70.47,10.4,92,90,19.46
85,Saint-Georges,46.12,27.95,55,24,5.61
86,Saint Anthony,43.97,33.31,54,90,13.87
87,Erzin,36.95,56.93,76,0,3.36
88,Vila Velha,-3.71,78.8,88,20,4.7
89,Serebryanyy Bor,56.8,5.13,47,64,13.44
90,Nurota,40.56,51.8,76,20,13.87
91,Ribeira Grande,38.52,60.89,100,48,27.31
92,Hambantota,6.12,79.88,100,32,6.73
93,Kapaa,22.08,72.43,94,90,4.7
94,Mamakan,57.82,12.15,57,48,3.71
95,Adrar,27.87,69.8,43,40,18.34
96,Kuching,1.56,77.0,94,75,2.24
97,Mataura,-46.19,59.0,66,36,20.83
98,Kulhudhuffushi,6.62,81.68,100,36,3.49
99,Shimoda,34.7,60.8,87,75,6.93
100,Pangkalanbuun,-2.68,74.52,98,12,4.16
101,Katangli,51.71,34.02,85,0,23.4
102,Boyolangu,-8.09,72.86,95,20,4.38
103,Nikolskoye,59.7,35.6,96,90,6.71
104,Kamenka,53.19,34.88,91,80,17.25
105,Geraldton,49.72,12.2,30,20,5.82
106,Dikson,73.51,4.01,81,44,15.79
107,Arnedo,42.23,53.6,46,36,13.87
108,Coihaique,-45.58,57.2,94,90,3.36
109,Gunjur,13.18,68.0,77,5,16.13
110,Castro,-42.48,56.25,97,88,2.59
111,Pisco,-13.71,75.2,64,40,17.22
112,Bandarbeyla,9.49,80.1,100,80,7.4
113,Torbay,47.66,33.8,64,75,16.11
114,Baghdad,33.3,62.6,45,0,2.24
115,Marsh Harbour,26.54,72.95,100,76,14.0
116,Ciudad Bolivar,8.12,89.24,40,0,13.78
117,Port Elizabeth,39.31,42.8,65,90,5.28
118,Baiao,-2.79,78.57,87,80,3.38
119,Boksitogorsk,59.47,35.78,96,92,10.54
120,Waddan,29.16,52.11,69,0,4.94
121,Ikom,5.96,73.49,93,48,4.61
122,Abha,18.22,57.2,76,0,5.82
123,Berlevag,70.86,28.94,100,80,13.56
124,Sovetskiy,56.76,32.09,92,76,15.46
125,Lavrentiya,65.58,27.5,100,0,1.92
126,Airai,-8.93,77.22,72,0,1.48
127,Port-Gentil,-0.72,78.8,94,20,5.82
128,Fortuna,38.18,51.8,93,0,4.7
129,Waingapu,-9.65,78.53,91,20,4.38
130,Cabo San Lucas,22.89,85.5,21,5,14.99
131,Arcachon,44.65,54.55,81,68,2.24
132,Flinders,-34.58,66.2,82,75,5.82
133,Grand Gaube,-20.01,78.8,88,75,4.7
134,Harqalah,35.96,51.71,42,24,6.62
135,Laguna,27.52,87.8,14,5,14.99
136,Hamilton,32.3,68.0,82,75,3.36
137,Esperance,10.24,80.6,74,20,9.17
138,Heihe,50.24,26.6,25,0,17.9
139,Provideniya,64.42,26.6,100,75,4.47
140,Chuy,-33.69,66.87,97,64,5.17
141,Salalah,17.01,80.6,78,75,5.82
142,Bathsheba,13.22,77.0,83,20,13.87
143,Ilulissat,69.22,15.8,78,0,5.82
144,Dingle,11.0,77.09,88,12,6.29
145,Hobart,-42.88,62.6,55,75,20.8
146,Kabalo,-6.05,69.66,99,88,5.61
147,Kirovskiy,45.09,39.42,62,32,7.4
148,East London,-33.02,75.15,98,76,12.21
149,Chicama,-7.84,68.0,88,75,11.41
150,Arraial do Cabo,-22.97,78.8,88,40,5.82
151,Faanui,-16.48,82.31,100,48,12.66
152,Severo-Kurilsk,50.68,31.19,99,92,17.47
153,Posse,-14.08,78.21,63,88,4.61
154,Jever,53.57,43.63,93,92,6.93
155,Alice Springs,-23.7,75.2,33,0,17.22
156,Sehithwa,-20.47,66.2,61,0,11.21
157,Tasiilaq,65.61,17.6,78,8,5.82
158,Avarua,-21.21,82.4,78,75,5.82
159,Garhi Khairo,28.06,68.13,81,0,2.71
160,Dickinson,46.88,19.4,85,90,17.22
161,Beringovskiy,63.05,31.46,100,8,6.4
162,Satun,6.62,78.8,94,20,4.38
163,Tuktoyaktuk,69.44,-1.56,77,75,10.29
164,Te Anau,-45.41,50.54,79,44,13.78
165,Jeremie,18.65,74.66,100,20,3.04
166,Atar,20.52,65.21,31,0,6.4
167,Polson,47.69,27.14,58,80,3.15
168,Iracoubo,5.48,76.95,91,80,4.27
169,Basco,40.33,35.62,80,90,8.05
170,Cherskiy,68.75,31.95,76,0,7.29
171,Lebu,8.96,49.73,88,44,2.59
172,Nyurba,63.29,5.18,51,0,4.16
173,Xingyi,24.19,53.96,86,32,2.48
174,Henties Bay,-22.12,69.44,90,92,4.94
175,Keetmanshoop,-26.57,71.6,68,92,1.36
176,Griffith,-34.29,65.93,54,0,9.31
177,Atikokan,48.76,22.19,46,20,2.59
178,Grindavik,63.84,31.05,100,90,16.11
179,Bambous Virieux,-20.34,78.8,88,75,4.7
180,Baie-Comeau,49.22,22.53,62,1,6.93
181,Baisha,19.23,66.87,92,24,2.82
182,Srandakan,-7.94,75.33,94,12,3.04
183,Namibe,-15.19,78.8,100,88,3.04
184,Boralday,43.36,37.4,93,90,4.47
185,Sheopur,25.67,66.2,54,0,3.6
186,Albany,42.65,40.96,28,75,9.17
187,Zonguldak,41.25,45.36,97,36,5.73
188,Igarka,67.47,-6.8,75,56,8.19
189,Moerai,-22.43,78.08,100,76,7.4
190,Selaphum,16.03,71.6,78,40,4.72
191,Busselton,-33.64,71.69,91,0,12.77
192,Kahului,20.89,76.12,78,40,24.16
193,Auki,12.18,70.7,45,0,3.38
194,Nanortalik,60.14,33.57,100,48,27.09
195,Longyearbyen,78.22,10.4,60,20,17.22
196,Port Macquarie,-31.43,75.2,78,75,9.17
197,Phonhong,18.5,75.2,83,75,2.24
198,Bongandanga,1.51,70.56,100,20,2.26
199,Sambava,-14.27,76.46,100,92,11.77
200,Koumac,-20.56,74.84,100,100,11.77
201,Sao Filipe,14.9,69.08,100,24,17.13
202,Srednekolymsk,67.46,31.23,72,0,6.62
203,Wadi,17.05,75.51,68,0,9.31
204,George Town,5.42,77.04,94,75,2.24
205,Aykhal,65.95,-3.11,59,0,5.73
206,Shelburne,44.08,39.27,51,1,2.24
207,Hualmay,-11.1,69.35,77,48,4.27
208,Carnarvon,-30.97,54.9,95,56,4.72
209,Talnakh,69.49,-21.2,61,12,2.82
210,Zhigansk,66.77,11.43,64,64,8.63
211,Saint-Philippe,45.36,37.85,44,1,14.99
212,Roebourne,-20.77,85.55,50,0,11.21
213,Novyye Burasy,52.13,33.8,80,0,6.71
214,Chapais,49.78,23.0,85,90,14.99
215,Baykit,61.68,3.42,70,12,5.73
216,Zima,53.93,11.66,43,0,3.94
217,Birao,10.3,72.59,35,0,9.08
218,Herat,34.35,43.11,81,12,2.59
219,Mattru,7.62,76.91,92,0,5.28
220,Sao Jose dos Campos,-23.18,73.29,78,75,3.36
221,Belyy Yar,53.6,17.6,78,76,2.71
222,Port Lincoln,-34.72,64.62,90,0,4.05
223,Tateyama,36.66,62.6,51,20,10.29
224,Oskemen,49.96,30.2,92,90,4.47
225,Oistins,13.07,77.0,83,20,13.87
226,Cidreira,-30.17,69.26,95,80,8.3
227,Progreso,-34.68,68.0,77,75,12.75
228,Pyapon,16.29,76.23,99,12,3.71
229,Varkkallai,8.73,82.4,83,20,4.7
230,Abadan,30.36,65.16,42,0,4.7
231,Hithadhoo,-0.6,84.15,100,80,7.4
232,Sisimiut,66.94,11.84,73,8,2.15
233,Wittlich,49.98,47.75,75,92,12.75
234,Nioro,13.79,77.63,32,0,11.1
235,Glendive,47.11,25.54,58,90,17.22
236,Tual,-5.67,78.93,100,92,11.1
237,Garissa,-0.46,77.13,82,64,7.07
238,Kodiak,39.95,30.2,100,90,12.75
239,Klaksvik,62.23,30.2,74,80,17.22
240,Nouadhibou,20.93,64.4,82,0,16.11
241,Natal,-5.81,80.6,83,40,9.19
242,Northam,51.04,48.2,93,88,6.93
243,Santa Rosa,-36.62,65.07,63,0,9.75
244,Seguela,7.96,72.36,92,12,4.94
245,Leningradskiy,69.38,27.0,91,12,5.84
246,Kuusamo,65.96,24.8,85,90,11.41
247,Comodoro Rivadavia,-45.87,77.0,38,0,21.92
248,Maceio,-9.67,77.0,88,20,4.7
249,Zyryanka,65.73,28.94,73,20,5.95
250,Morondava,-20.3,79.61,89,24,4.61
251,Aksu,52.04,28.4,92,90,8.95
252,Tempio Pausania,40.9,51.08,87,0,5.82
253,Umba,66.69,30.06,88,92,17.25
254,Port Hardy,50.7,41.0,75,90,9.17
255,San Quintin,17.54,73.4,83,20,4.7
256,Galle,29.74,81.21,57,20,19.46
257,Soe,57.91,32.0,94,90,16.11
258,Rafai,4.95,71.06,92,36,5.06
259,Mandera,3.94,72.72,93,56,3.15
260,Broome,52.47,49.26,93,92,12.75
261,Chivilcoy,-34.9,62.96,80,20,3.6
262,Boali,4.81,75.2,94,0,2.24
263,Xicotencatl,23.02,88.7,40,0,10.42
264,Kalmunai,7.42,70.38,100,12,2.93
265,Muroto,33.37,64.4,68,20,6.93
266,Djambala,-2.55,69.48,98,64,5.5
267,Capoterra,39.18,54.1,82,0,12.75
268,Toora-Khem,52.47,-1.13,68,12,2.37
269,Awbari,26.59,66.33,26,8,9.42
270,Cap Malheureux,-19.98,78.8,88,75,4.7
271,Mayskiy,43.63,42.8,93,90,4.47
272,Kanigoro,-8.13,80.28,100,12,3.83
273,Limbang,4.75,78.39,88,75,1.12
274,Iskateley,67.68,10.53,67,44,14.79
275,Rundu,-17.91,70.34,41,48,9.64
276,Qaanaaq,77.48,-3.2,74,0,7.74
277,Borovoy,63.23,26.96,88,88,13.67
278,Innisfail,52.02,21.2,41,40,4.7
279,Ladwa,30.0,71.24,67,68,3.71
280,Tres Arroyos,-38.38,59.45,74,0,4.72
281,Taksimo,56.36,9.27,44,36,3.38
282,Port Hawkesbury,45.62,26.6,73,75,4.7
283,Bethel,60.79,30.2,68,1,19.46
284,Yar-Sale,66.83,-0.77,68,12,15.79
285,Seydisehir,37.42,30.56,82,0,2.59
286,Polyarnyy,69.2,23.0,62,0,6.71
287,Salinopolis,-0.61,79.02,100,80,11.1
288,Khandbari,27.38,32.9,72,0,1.7
289,Kagadi,0.95,73.17,100,68,5.61
290,Aleksandrovka,46.65,44.51,93,92,11.77
291,Bauchi,10.31,68.09,60,8,2.71
292,Lakatoro,-16.11,79.16,100,92,4.16
293,Goryachegorsk,55.41,18.41,79,76,6.06
294,Tazovskiy,67.47,-5.36,84,36,14.79
295,Taoudenni,22.68,80.15,18,8,9.64
296,Pevek,69.7,32.18,84,8,13.44
297,Nemuro,43.32,39.15,87,32,22.17
298,Shache,38.42,45.86,39,24,7.96
299,Dargaville,-35.94,71.15,62,12,1.59
300,Tynda,55.15,13.77,43,32,11.88
301,Marquette,46.54,26.6,63,40,11.41
302,Angoche,-16.23,81.68,100,8,8.08
303,Los Llanos de Aridane,28.66,64.4,72,48,8.05
304,Hovd,63.83,29.34,100,75,4.7
305,Khromtau,50.26,19.71,65,0,8.75
306,Mount Gambier,-37.83,63.14,77,12,3.6
307,Tabou,4.42,82.53,97,12,12.55
308,Bara,10.41,72.95,52,8,3.15
309,Lagoa,37.14,59.0,93,40,5.82
310,Batagay-Alyta,67.8,11.7,81,76,4.16
311,Ixtapa,20.71,76.41,41,0,2.71
312,Zelenoborsk,61.47,5.58,68,0,2.71
313,Sur,22.57,79.38,85,0,2.48
314,Anchorage,61.22,38.55,27,1,18.34
315,Les Cayes,18.19,77.63,100,20,7.63
316,Benghazi,32.12,55.4,71,0,9.17
317,Saint-Francois,46.42,53.6,40,0,12.75
318,Vila Franca do Campo,37.72,59.0,67,40,20.8
319,Bull Savanna,17.89,70.83,93,88,0.36
320,Vao,59.1,29.97,91,92,14.45
321,Sjenica,43.27,23.67,80,0,2.15
322,Kidal,18.44,68.31,29,56,3.38
323,Horsham,-36.71,62.91,72,0,4.94
324,Sobolevo,54.43,32.85,93,92,14.12
325,Manaure,11.78,78.48,93,36,22.06
326,Boromo,11.74,85.32,23,48,6.96
327,Rabo de Peixe,37.8,59.0,67,40,20.8
328,Guadalupe y Calvo,26.09,66.96,21,0,3.6
329,Samarai,-10.62,82.76,100,64,6.73
330,Shingu,33.72,64.4,77,0,1.12
331,Okato,-39.19,65.43,100,100,12.77
332,Komsomolskiy,67.55,-14.04,43,0,3.15
333,Boa Vista,2.82,87.8,55,40,6.93
334,Batticaloa,7.71,75.11,100,12,3.71
335,Labuhan,-2.54,74.48,93,32,2.71
336,Cape Coast,5.11,77.0,93,24,4.16
337,Ravne,44.62,50.0,90,0,2.24
338,Tamiahua,21.28,79.56,81,0,21.05
339,Bluefields,12.01,80.6,69,40,4.7
340,Araouane,18.9,71.24,23,0,3.15
341,Jacala,21.0,81.63,39,0,2.15
342,Avera,33.19,79.52,29,1,6.93
343,Venado,22.93,80.82,24,48,3.94
344,Minas,-34.38,66.2,88,90,18.34
345,Funadhoo,6.15,84.6,100,64,4.72
346,Puerto Escondido,15.86,84.06,100,24,4.72
347,Raduzhnyy,62.1,-7.02,76,8,7.74
348,Ivankiv,50.93,37.4,93,48,6.71
349,Mount Isa,-20.73,86.0,30,0,11.41
350,Navahrudak,53.59,32.13,86,76,13.44
351,Kouroussa,10.65,75.33,74,44,2.15
352,Kolyvan,55.31,24.8,85,90,11.18
353,Khatanga,71.98,-8.37,81,56,7.52
354,Lesogorsk,56.05,18.05,47,44,4.05
355,Hofn,64.25,26.6,100,0,17.25
356,Anloga,5.79,84.2,79,20,8.05
357,Zigong,29.34,60.21,80,0,2.93
358,Karasburg,-28.01,61.43,94,88,2.93
359,Hainburg,50.07,49.14,76,75,6.93
360,Boulder,40.02,69.06,14,1,18.34
361,Morant Bay,17.88,82.4,65,75,8.05
362,Harper,30.3,80.02,44,75,9.17
363,Kushima,31.5,60.69,82,20,4.7
364,Saint-Denis,48.94,51.8,87,0,6.93
365,Kholmy,51.87,34.16,94,76,12.55
366,Bucerias,20.76,74.88,100,0,4.94
367,Pendleton,34.65,78.8,22,1,5.82
368,Xichang,27.88,42.44,84,0,1.59
369,Sidi Ali,36.1,55.62,96,88,2.15
370,Santa Maria,-29.69,71.6,88,40,2.24
371,Vaitape,-16.52,82.35,100,76,11.88
372,Mahebourg,-20.41,78.8,88,75,4.7
373,Ushuaia,-54.81,41.0,93,75,14.99
374,Rome,41.89,48.92,75,0,4.7
375,Maniitsoq,65.42,21.96,61,0,5.39
376,Ust-Maya,60.42,28.08,70,80,6.73
377,Osuna,37.24,57.2,87,75,8.05
378,Aklavik,68.22,7.23,60,40,12.75
379,Faya,18.39,57.2,76,0,5.82
380,Norfolk,36.85,46.85,75,90,11.41
381,Sao Geraldo do Araguaia,-6.4,77.31,91,44,6.29
382,Galesong,-5.32,80.6,78,20,2.24
383,Quatre Cocos,-20.21,78.8,88,75,4.7
384,Saint-Augustin,44.83,54.41,71,0,11.41
385,Yerbogachen,61.28,13.95,67,56,5.95
386,Tabuk,17.41,66.83,96,76,1.7
387,Gat,14.69,68.0,77,0,4.7
388,Saint-Ambroise,47.25,53.6,81,0,11.41
389,Mihijam,23.85,62.69,85,0,2.82
390,Nome,30.04,76.1,73,90,11.41
391,Half Moon Bay,37.46,66.45,71,1,14.99
392,Luganville,-15.51,78.93,100,92,6.85
393,Zhangjiakou,40.77,31.68,96,92,9.42
394,Karpogory,64.0,35.51,94,92,11.99
395,Chiang Klang,19.29,71.6,78,40,1.12
396,Broken Hill,-31.97,66.2,52,0,13.0
397,Conde,-11.81,77.67,90,24,5.84
398,Lorengau,-2.02,80.96,100,64,6.29
399,Bredasdorp,-34.53,57.2,93,88,3.36
400,Gaogou,31.12,66.51,96,0,3.83
401,Linqing,36.85,67.64,77,0,12.66
402,Kundiawa,-6.02,62.78,96,100,0.58
403,Rio Grande,-32.03,70.43,97,48,8.41
404,Yueyang,29.36,66.96,88,8,8.41
405,Penzance,50.12,50.0,93,92,17.22
406,Butembo,0.12,61.7,98,80,2.37
407,Umea,63.83,24.8,62,0,9.17
408,New Norfolk,-42.78,62.6,55,75,20.8
409,Liverpool,53.41,48.2,87,40,10.29
410,Gromiljak,43.97,37.4,86,0,1.12
411,Great Yarmouth,52.61,50.0,93,88,12.75
412,Victor Harbor,-35.55,66.2,55,40,6.93
413,Saint-Pierre,48.95,54.59,66,92,14.99
414,Westport,53.8,40.1,100,92,10.98
415,Hazorasp,41.32,48.2,64,0,9.17
416,Port-Cartier,50.03,23.0,20,20,6.93
417,Mnogovershinnyy,53.94,26.24,77,80,9.64
418,San Policarpo,12.18,80.73,94,80,10.2
419,Codrington,-28.95,71.55,91,92,3.71
420,Los Zacatones,22.95,76.46,17,0,9.64
421,Warrnambool,-38.38,62.28,91,76,8.19
422,Zachary,30.65,80.6,51,1,10.29
423,Challapata,-18.9,32.31,50,0,2.26
424,Mehamn,71.03,25.47,89,56,11.21
425,Bethanien,-26.5,63.68,85,76,2.82
426,Vangaindrano,-23.35,70.79,99,92,2.93
427,Kirakira,-10.46,78.57,100,92,9.42
428,Otane,-39.89,70.47,57,32,4.94
429,Mamaku,-38.1,63.45,76,88,5.73
430,Birjand,32.86,55.4,37,48,6.93
431,Iranshahr,27.21,54.45,66,0,2.26
432,Teguldet,57.31,24.44,87,76,6.17
433,Huancayo,-12.08,44.06,88,76,2.15
434,Brandon,43.59,32.0,72,90,4.7
435,Segezha,63.74,38.52,96,92,10.76
436,Hasaki,35.73,54.88,82,75,6.93
437,Salme,13.3,70.11,22,0,8.52
438,Asyut,27.18,66.2,32,0,16.11
439,Vilyuysk,63.75,4.91,52,0,5.73
440,Hobyo,5.35,79.34,91,68,6.29
441,Necochea,-38.55,59.81,78,0,9.19
442,Wahpeton,46.27,27.64,86,90,5.82
443,Tautira,-17.73,86.0,70,75,8.05
444,Hirara,24.8,69.8,77,20,4.7
445,Caravelas,-17.73,81.18,100,0,15.79
446,Pitimbu,-7.47,78.8,83,20,5.82
447,Richards Bay,-28.77,74.93,80,36,11.21
448,Aguas Belas,-9.11,75.11,80,8,7.74
449,Wolgast,54.05,32.22,95,80,10.54
450,Karwar,14.8,69.57,90,0,1.36
451,Vostok,46.45,31.41,67,48,6.85
452,Kasongo-Lunda,-6.48,69.08,97,56,2.26
453,Kilis,36.72,44.6,65,0,5.82
454,Longonjo,-12.91,61.16,100,100,2.59
455,Przasnysz,53.02,29.7,90,0,3.6
456,Barahona,18.21,80.6,65,40,13.87
457,Catuday,16.29,78.03,99,64,5.95
458,Rosita,13.92,74.16,85,88,2.82
459,Onega,63.91,38.61,87,92,14.23
460,Cockburn Town,21.46,76.05,100,88,13.67
461,Gewane,10.16,64.35,94,32,2.71
462,Villa Carlos Paz,-31.42,64.4,77,40,2.24
463,Atasu,48.68,16.61,84,12,8.3
464,Tall Kayf,37.08,52.92,45,92,3.6
465,Tonneins,44.39,52.74,81,0,11.41
466,Belmonte,40.36,49.41,98,92,8.63
467,Strezhevoy,60.73,6.8,92,0,11.18
468,Smirnykh,49.74,34.83,78,68,14.79
469,Kawalu,-7.38,67.77,93,20,1.14
470,Ust-Nera,64.57,16.92,80,44,2.59
471,Mazamari,-11.33,66.6,97,80,1.14
472,Narsaq,60.91,42.8,30,56,10.29
473,Achit,56.8,22.23,75,36,7.74
474,Butterworth,5.4,77.04,94,75,2.24
475,Whitehorse,60.72,24.8,32,75,12.75
476,San-Pedro,4.75,78.48,92,20,9.75
477,Waitati,-45.75,61.61,47,0,13.22
478,Neiafu,-18.65,77.0,83,75,2.24
479,Nelson Bay,-32.72,75.2,69,40,17.22
480,Saldanha,41.42,49.95,80,44,14.12
481,Ahipara,-35.17,70.65,72,8,2.71
482,Mitu,36.2,39.2,62,0,4.05
483,Campina Grande do Sul,-25.3,69.8,68,0,6.93
484,Manono,-7.3,71.28,93,56,2.15
485,Lamu,0.57,76.46,99,8,2.37
486,Jalu,29.03,57.29,60,0,7.4
487,Skovorodino,53.99,18.68,31,0,12.44
488,Constantine,36.36,55.4,58,0,2.24
489,Myitkyina,25.38,63.14,90,20,3.49
490,Wisconsin Rapids,44.39,32.47,68,90,4.7
491,Cabedelo,-6.97,78.8,83,20,5.82
492,Pervomayskoye,57.07,23.22,92,76,8.97
493,Wanaka,-44.7,57.15,40,0,6.62
494,Moranbah,-22.0,73.98,77,92,18.25
495,Chinsali,-10.55,63.9,88,44,8.19
496,Vila,45.18,48.2,81,40,2.24
497,Luderitz,-26.65,64.4,77,88,5.82
498,Bayog,7.85,77.31,94,0,3.49
499,Ternate,14.29,80.6,83,40,1.12
500,Praia da Vitoria,38.73,59.0,67,20,32.12
501,Pailon,-17.66,77.92,73,75,4.7
502,Amurrio,43.05,58.95,45,20,5.82
503,Houma,35.63,58.01,56,0,2.15
504,Santa Cruz del Sur,20.71,73.26,88,100,3.38
505,Panguna,-6.32,85.23,82,24,2.37
506,Meadow Lake,54.13,23.0,45,75,9.17
507,El Alto,-16.5,50.0,57,20,8.05
508,Mamallapuram,12.63,84.2,83,40,3.36
509,Mago,53.27,26.96,73,76,13.44
510,Adwa,14.16,56.25,61,0,3.49
511,Khorixas,-20.37,63.27,98,92,2.93
512,Matay,28.42,63.05,46,48,14.0
513,Corralillo,22.98,76.41,78,68,12.44
514,Ginir,7.14,52.02,91,0,2.59
515,Barnstaple,51.08,48.2,93,75,9.17
516,Petropavlovsk-Kamchatskiy,53.05,23.0,49,32,2.24
517,Bakel,14.9,78.93,28,0,10.09
518,Moyale,3.52,60.26,99,80,0.58
519,Dapdap,14.05,76.46,100,88,7.29
520,Coquimbo,-29.95,60.8,77,0,6.93
521,Yumen,40.29,34.56,34,36,8.86
522,Mogadishu,2.04,82.76,100,64,6.96
523,Sonepur,25.7,71.6,68,0,3.71
524,Bud,62.91,28.44,92,0,9.17
525,Poum,41.28,30.38,92,0,2.15
526,Torrington,42.06,47.43,61,1,26.4
527,Kamaishi,39.28,46.4,93,75,3.36
528,Tuy Hoa,13.08,71.06,100,80,3.94
529,Corpus Christi,27.8,81.14,74,40,19.46
530,Teguise,29.06,64.4,82,20,6.93
531,Bubaque,11.28,75.2,78,0,6.93
532,Calvinia,-31.47,54.41,61,48,2.59
533,Limon,39.26,75.2,8,1,23.04
534,Pastos Bons,-6.6,72.81,97,32,1.92
535,Orapa,-21.28,73.49,48,12,14.9
536,Bonfim,-20.33,71.69,76,64,2.48
537,Thinadhoo,0.53,85.64,99,88,5.84
538,Inhambane,-23.87,76.19,99,68,6.85
539,Palu,-0.9,71.06,78,20,1.92
540,Pangoa,-12.12,65.61,100,44,1.7
541,Gympie,-26.2,73.35,77,36,7.07
542,Vrangel,42.73,41.09,77,64,12.55
543,Amahai,-3.31,81.68,100,48,5.39
544,Celestun,20.87,79.88,91,8,21.05
545,Marzuq,14.4,51.12,80,0,2.37
546,Igrim,63.19,1.85,61,0,2.59
547,Port Blair,11.67,83.43,100,56,6.62
548,Vanderhoof,54.02,29.88,39,32,2.71
549,Taltal,-25.41,58.19,91,0,2.37
550,Padang,-0.92,77.9,100,56,4.16
551,Muros,42.77,50.0,93,75,10.29
552,Cumbernauld,55.95,35.6,93,90,16.11
553,Shu,43.6,25.65,80,8,5.39
554,Namtsy,62.72,14.85,65,88,14.45
555,Kostomuksha,64.59,28.94,90,88,7.18
556,Urusha,54.05,20.03,38,64,9.64
557,Dombarovskiy,50.76,14.54,66,0,3.04
558,Hohhot,40.81,41.0,14,40,4.47
559,Kruisfontein,-34.0,69.53,94,80,9.19
560,Orizona,-17.03,69.89,89,48,3.49
561,Beloha,-25.17,75.06,85,12,14.45
562,Rehoboth,-23.31,60.03,85,76,7.4
563,Ancud,-41.87,56.25,96,48,3.6
564,Eisenberg,50.97,50.04,66,75,10.29
565,Muhos,64.81,28.4,92,80,10.29
566,Najran,17.54,73.4,28,20,4.7
567,San Andres,13.32,77.81,100,36,4.61
568,Kamina,-8.74,68.36,89,44,3.83
569,Neryungri,56.66,4.05,48,64,19.71
570,Balaguer,41.79,41.81,81,24,3.27
571,Tyup,42.73,27.9,94,88,2.26
572,Valdosta,30.83,80.22,42,40,6.62
573,Gravdal,59.79,30.2,92,56,6.93
574,Gopalpur,25.6,61.65,91,0,2.82
575,Lake Havasu City,34.47,88.2,11,1,8.05
576,Stokmarknes,68.56,25.47,100,0,3.15
577,Walvis Bay,-22.95,69.8,83,92,14.34
578,Kiama,-34.67,66.2,82,75,5.82
579,Honiara,-9.43,75.2,100,90,3.36
580,Vanimo,-2.67,82.76,100,76,6.85
581,Changli,30.54,58.68,82,0,2.82
582,Lusambo,-4.97,69.75,100,92,1.03
583,Pacific Grove,36.62,63.45,56,1,11.41
584,Dandong,40.12,46.58,60,68,14.23
585,Nalut,31.86,60.98,55,0,7.74
586,Cordoba,5.59,54.41,94,80,1.92
587,Ostrovnoy,68.05,24.89,94,92,20.6
588,Zeya,53.74,19.49,47,64,12.21
589,Gonbad-e Qabus,37.25,41.18,85,0,1.7
590,Terrace,54.52,33.8,74,90,9.17
591,Goderich,43.74,35.37,62,92,5.5
592,Kpandu,7.0,78.53,88,44,9.19
593,Roura,4.73,78.8,88,75,6.93
594,Ketchikan,55.34,35.56,93,90,9.17
595,Bernalillo,35.3,70.52,8,1,29.97
596,Taywarah,33.35,35.46,77,0,1.81
597,Rio Branco,-9.98,80.6,78,40,3.36
598,Magomeni,-6.8,74.84,100,68,3.94
599,Petlawad,22.96,67.01,37,0,7.63
600,Fonte Boa,-2.51,79.56,86,8,3.94
601,Makakilo City,21.35,77.02,78,90,14.99
602,Susanville,40.42,60.8,13,1,9.17
603,Sao Jose da Coroa Grande,-8.9,76.5,98,92,4.16
604,Mackay,53.65,29.3,30,20,4.7
605,Can Tho,10.04,78.12,82,64,7.74
606,Nur,52.67,31.91,90,0,6.85
607,Prince Rupert,54.32,37.4,93,75,8.05
608,Ulladulla,-35.36,66.2,82,75,5.82
609,Saravan,39.72,48.2,66,0,11.41
610,Naze,5.43,78.8,88,44,2.24
611,Khandyga,62.65,29.48,55,44,6.85
612,Gizo,31.8,62.91,82,20,3.36
613,Kisiwani,-4.13,67.5,93,64,0.69
614,Bundaberg,-24.87,77.63,96,92,20.71
615,Curup,-3.47,70.47,97,68,0.69
616,Zaysan,47.47,16.92,81,76,2.71
617,Buriti,-28.3,65.97,94,44,1.25
618,Ciudad Valles,21.99,90.45,37,0,9.64
619,Arlit,18.74,71.15,33,20,2.82
620,Mitzic,0.78,71.73,97,64,2.04
621,Elko,40.83,50.0,31,1,21.92
622,The Valley,18.22,78.8,74,20,6.93
623,Lasa,34.92,58.32,76,20,6.93
624,Reconquista,-29.14,73.4,78,75,11.41
625,Kabanjahe,3.1,65.88,94,44,2.26
626,Pasni,25.26,77.13,100,36,6.4
627,Sorong,-0.86,78.44,100,68,3.94
628,Andros Town,24.73,78.8,57,20,6.93
629,Guerrero Negro,27.97,64.58,65,0,11.32
630,Meulaboh,4.14,78.21,100,0,4.61
631,Nova Olimpia,-14.8,74.43,92,12,2.48
632,Lamar,38.09,84.2,6,1,20.8
633,Antigonish,45.62,26.6,73,75,4.7
634,Magadan,59.56,26.6,79,20,13.42
635,Kyaikkami,16.08,75.06,90,36,2.82
636,Tilichiki,60.47,35.46,93,92,12.88
637,Bondowoso,-7.91,74.75,95,8,3.71
638,Lichinga,-13.3,62.91,100,76,2.93
639,Dallas,32.78,55.53,71,90,9.17
640,La Ronge,55.1,14.0,43,20,5.82
641,Aleksandrovsk-Sakhalinskiy,50.9,32.0,76,0,16.91
642,Arsk,56.09,30.2,74,0,13.42
643,Lodwar,3.12,74.16,78,8,4.61
644,Brae,60.4,35.04,100,20,8.05
645,Navrongo,10.89,81.36,34,8,4.94
646,Paluan,13.42,75.42,100,88,4.16
647,San Jose,15.79,71.78,100,76,2.71
648,Emilio Carranza,19.97,80.91,59,0,9.19
649,Baoning,25.34,66.2,100,75,2.24
650,Santa Marta,11.24,84.2,62,75,23.04
651,Karaton,-6.34,77.0,94,20,3.36
652,Bela,26.23,59.67,91,0,1.03
653,Curillo,1.03,72.23,90,32,1.92
654,Sabinas,27.85,87.48,37,0,7.07
655,Puerto Carreno,6.19,91.4,49,75,3.36
656,Shubarkuduk,49.15,27.59,67,0,12.66
657,Chishtian Mandi,29.8,68.09,87,24,16.91
658,Jacareacanga,-6.22,76.86,92,20,2.82
659,Dunedin,-45.87,61.61,47,0,13.22
660,Ampanihy,-24.69,68.81,91,12,4.5
661,Acayucan,17.95,82.4,61,5,11.41
662,Tezu,27.93,61.43,49,0,1.92
663,Kempsey,-31.08,76.73,85,0,2.15
664,Panalingaan,8.78,79.11,91,0,4.61
665,Mehriz,31.58,60.8,25,20,4.7
666,Filingue,14.35,78.71,25,32,9.64
667,Bemidji,47.48,25.3,53,90,6.93
668,Miandrivazo,-19.53,70.56,89,76,2.71
669,Petropavlovka,50.61,14.81,56,32,2.82
670,Helong,25.94,71.24,79,8,4.27
671,Denpasar,-8.65,74.7,100,0,1.7
672,Cooma,-36.24,57.78,100,76,3.38
673,Dudinka,69.41,-11.21,74,36,5.61
674,Kichera,55.93,9.41,77,48,3.15
675,Salina Cruz,16.18,82.31,56,0,6.73
676,Bilibino,68.06,31.55,82,36,3.04
677,Bluff,-23.58,79.11,60,24,17.02
678,Portland,45.52,51.35,53,75,3.38
679,Rawson,-43.3,68.18,33,0,7.07
680,Mingguang,32.78,67.23,93,8,6.17
681,Lazaro Cardenas,28.39,87.8,8,40,20.8
682,Varzea da Palma,-17.6,75.96,70,56,2.48
683,Melbourne,-37.81,61.97,63,75,8.05
684,Alghero,40.56,51.8,81,0,5.82
685,Manokwari,-0.87,83.07,98,24,5.84
686,Novyy Urengoy,66.08,-1.58,70,44,16.58
687,Saeby,57.33,35.15,99,48,9.08
688,Orlik,52.51,-13.59,50,0,1.92
689,Alta Floresta,-9.87,72.0,98,56,2.15
690,Mapiripan,2.89,81.63,63,36,4.16
691,Maragogi,-9.01,76.5,98,92,4.16
692,Abnub,27.27,66.2,32,0,16.11
693,Jackville,5.21,82.4,83,0,5.82
694,Rafaela,-31.25,67.46,76,44,7.18
695,Acapulco,16.86,82.4,74,5,5.82
696,Evensk,61.92,33.75,90,92,13.67
697,Russkiy Aktash,55.04,32.0,87,0,15.66
698,Fairbanks,64.84,26.02,38,1,5.82
699,Ordzhonikidze,44.96,45.23,94,44,12.77
700,Fayaoue,-20.65,80.15,100,88,20.49
701,Oussouye,12.49,69.82,82,0,9.17
702,Simpang,4.82,76.15,94,75,3.36
703,Rock Springs,41.59,35.6,74,90,26.4
704,Pangnirtung,66.15,29.93,72,8,19.93
705,Mersing,2.43,79.34,88,8,7.18
706,Kudat,6.89,73.4,100,75,1.12
707,Aitape,-3.15,81.05,100,76,2.48
708,Kaitangata,-46.28,58.77,63,0,23.96
709,Jumla,29.28,26.1,77,0,2.26
710,Haines Junction,60.75,13.23,68,68,6.4
711,San Ignacio,-36.8,69.8,60,0,9.17
712,Mangaratiba,-22.96,76.21,94,75,4.7
713,Clinton,30.87,79.45,65,1,8.05
714,Traipu,-9.97,77.85,72,0,9.53
715,Phalombe,-15.81,64.76,96,44,2.93
716,Exeter,50.73,47.97,98,80,13.89
717,Tocopilla,-22.09,62.69,100,0,3.6
718,Banjar,-7.37,73.85,95,12,2.48
719,Amazar,53.86,13.68,37,48,9.19
720,Qaqortoq,60.72,42.8,30,20,10.29
721,Storebo,60.09,31.28,100,56,4.83
722,Ikalamavony,-21.17,61.11,99,68,2.37
723,Waipawa,-39.94,71.01,54,24,15.01
724,Douglas,58.28,37.4,32,90,6.93
725,Nador,35.17,58.51,67,0,6.93
726,West Plains,36.73,43.09,100,90,9.17
727,Aasiaat,68.71,17.73,83,12,2.59
728,Vung Tau,10.35,78.8,88,40,3.36
729,Ziro,27.54,50.45,71,12,2.04
730,Riihimaki,60.74,32.0,81,75,13.87
731,Dongsheng,29.72,68.0,93,0,11.32
732,Sistranda,63.73,30.2,68,40,6.93
733,Villa Guerrero,21.98,75.78,14,0,4.61
734,Spearfish,44.49,23.34,100,90,6.93
735,Zaraza,9.35,80.96,59,44,13.44
736,Suntar,62.16,6.8,55,0,3.71
737,Balabac,7.99,82.08,100,0,3.38
738,Bozdar,27.18,77.0,69,40,6.93
739,Cam Ranh,11.92,71.33,100,0,6.73
740,Kabugao,18.02,68.76,98,80,2.37
741,Srikakulam,18.29,83.07,97,0,8.63
742,Hof,50.32,42.8,75,90,8.63
743,Kandrian,-6.21,82.71,82,24,8.08
744,Yacuiba,-22.01,69.8,94,75,3.83
745,Ayan,40.67,24.44,79,0,2.26
746,Dunda,30.62,48.83,73,68,2.37
747,Mezen,65.85,31.32,85,88,12.21
748,Morgan City,29.7,77.77,65,1,12.75
749,Phan Thiet,10.93,75.78,99,0,10.2
750,Black River,18.03,82.4,61,20,6.93
751,Nadym,65.53,0.0,77,56,14.9
752,Codo,-8.13,79.92,98,8,3.49
753,Valdivia,-39.81,60.8,72,12,4.7
754,Khani,41.96,48.2,93,90,18.34
755,Batagay,67.65,28.13,64,64,4.38
756,Cerinza,5.96,53.69,98,92,2.15
757,Margate,-43.03,62.6,55,75,20.8
758,Lima,-12.06,62.69,79,36,1.92
759,Luanda,-8.83,80.6,74,40,2.24
760,Kroya,-6.5,75.51,90,12,2.93
761,Christchurch,-43.53,77.0,44,0,10.29
762,Seoul,37.57,61.14,72,75,5.82
763,Coruripe,-10.12,80.55,98,88,7.96
764,Montepuez,-13.13,67.32,95,20,2.82
765,Camacha,33.08,60.8,82,40,12.75
766,Ikwiriri,-7.96,72.72,100,92,0.81
767,Bacalar,18.68,82.4,65,40,14.99
768,Menongue,-14.66,62.06,98,76,2.04
769,Delvine,39.95,50.0,81,0,5.82
770,Luba,17.32,75.38,76,88,3.71
771,Husavik,50.56,7.34,83,0,9.75
772,Irara,-8.52,85.5,90,0,4.5
773,Jambi,-1.6,75.11,98,32,3.49
774,Leona Vicario,20.99,81.55,69,40,13.87
775,Vygonichi,53.1,31.73,95,88,11.32
776,Tiznit,29.7,57.65,96,92,1.36
777,Bonthe,7.53,79.61,90,0,5.28
778,Takoradi,4.89,81.05,98,32,6.29
779,Gladstone,-23.84,74.97,87,80,16.35
780,Katherine,-14.47,84.2,58,0,1.12
781,Masindi,1.69,66.15,92,48,3.6
782,Paamiut,61.99,33.98,84,64,10.65
783,Pastavy,55.11,31.64,82,44,19.26
784,High Rock,26.63,77.0,73,75,13.0
785,Trelleborg,55.38,33.89,100,0,4.7
786,Mwense,-10.39,64.53,98,80,2.04
787,Tashla,53.71,32.0,89,0,13.42
788,Aksarayskiy,46.79,41.0,80,0,13.42
789,Forestville,48.74,24.8,58,20,4.7
790,Knysna,-34.04,64.4,93,76,5.82
791,Tazmalt,36.39,73.4,33,88,17.22
792,Ishigaki,24.34,73.4,64,20,8.05
793,Luangwa,-15.62,75.56,65,0,9.86
794,Macheng,31.18,64.4,97,44,3.6
795,Porto Walter,-8.27,77.76,90,24,2.15
796,Conway,33.84,70.95,64,1,3.36
797,Kristiansand,37.36,49.1,70,90,10.29
798,San Juan,14.6,80.6,83,40,1.12
799,Zhob,31.34,45.5,94,0,2.71
800,Okhotsk,59.36,25.47,84,88,18.81
801,Oranjemund,-28.55,62.55,98,92,11.21
802,Phalaborwa,-23.95,65.75,95,0,6.17
803,Ahuimanu,21.44,76.96,78,90,14.99
804,La Palma,5.36,65.39,100,76,1.81
805,Plast,54.37,10.85,65,8,4.16
806,Monterey,36.6,63.45,56,1,11.41
807,Sturgeon Falls,46.36,30.2,54,75,12.75
808,Aripuana,-9.17,74.21,98,24,2.59
809,Polunochnoye,60.87,14.45,62,32,6.51
810,Arraias,-12.93,79.34,68,48,0.13
811,Damghan,36.17,48.2,88,0,3.04
812,Manzhouli,49.6,19.76,29,0,18.37
813,Venado Tuerto,-33.75,64.58,78,88,3.83
814,Trat,12.25,78.48,100,56,0.69
815,Anito,12.45,81.59,99,80,13.11
816,Kampong Chhnang,12.25,71.91,93,20,2.93
817,Vardo,39.62,45.19,61,90,3.6
818,Nevelsk,46.67,41.0,86,40,8.95
819,Bontang,0.12,80.78,100,20,4.5
820,Ambilobe,-13.19,70.11,92,8,3.71
821,Naron,43.52,53.6,76,0,4.7
822,Presidente Medici,-11.18,75.83,90,8,2.48
823,Keflavik,64.0,31.03,100,90,16.11
824,Biak,-0.91,80.96,94,8,2.15
